
0126241207205040403203628803628800399168
0047900160062270208008717829120013076743
6800020922789888000355687428096000640237
3705728000121645100408832000243290200817
6640000510909421717094400001124000727777
6076800002585201673888497664000062044840
1733239439360000155112100433309859840000
0040329146112660563558400000010888869450
4183521607680000003048883446117138605015
0400000088417619937397019545436160000002
6525285981219105863630848000000082228386
5417792281772556288000000026313083693369
3530167218012160000000868331761881188649
5518194401280000000295232799039604140847
6186096435200000001033314796638614492966
6651337523200000000371993326789901217467
9994481508352000000001376375309122634504
6315979581580902400000000523022617466601
1117600072241000742912000000002039788208
1197443358640281739902897356800000000815
9152832478977343456112695961158942720000
0000033452526613163807108170062053440751
6651520000000001405006117752879898543142
6062445115699363840000000006041526306337
3835637355132068513997507264512000000000
2658271574788448768043625811014615890319
6385280000000001196222208654801945619631
6149565771506438373376000000000055026221
5981208894985030542880025489296165175296
0000000000258623241511168180642964355153
6119799691976323891200000000001241391559
2536072670862289047373375038521486354677
7600000000006082818640342675608722521633
21295376887552831379210240000000000
0126241207205040403203628803628800399168
0047900160062270208008717829120013076743
6800020922789888000355687428096000640237
3705728000121645100408832000243290200817
6640000510909421717094400001124000727777
6076800002585201673888497664000062044840
1733239439360000155112100433309859840000
0040329146112660563558400000010888869450
4183521607680000003048883446117138605015
0400000088417619937397019545436160000002
6525285981219105863630848000000082228386
5417792281772556288000000026313083693369
3530167218012160000000868331761881188649
5518194401280000000295232799039604140847
6186096435200000001033314796638614492966
6651337523200000000371993326789901217467
9994481508352000000001376375309122634504
6315979581580902400000000523022617466601
1117600072241000742912000000002039788208
1197443358640281739902897356800000000815
9152832478977343456112695961158942720000
0000033452526613163807108170062053440751
6651520000000001405006117752879898543142
6062445115699363840000000006041526306337
3835637355132068513997507264512000000000
2658271574788448768043625811014615890319
6385280000000001196222208654801945619631
6149565771506438373376000000000055026221
5981208894985030542880025489296165175296
0000000000258623241511168180642964355153
6119799691976323891200000000001241391559
2536072670862289047373375038521486354677
7600000000006082818640342675608722521633
2129537688755283137921024000000000001262
4120720504040320362880362880039916800479
0016006227020800871782912001307674368000
2092278988800035568742809600064023737057
2800012164510040883200024329020081766400
0051090942171709440000112400072777760768
0000258520167388849766400006204484017332
3943936000015511210043330985984000000403
2914611266056355840000001088886945041835
2160768000000304888344611713860501504000
0008841761993739701954543616000000265252
8598121910586363084800000008222838654177
9228177255628800000002631308369336935301
6721801216000000086833176188118864955181
9440128000000029523279903960414084761860
9643520000000103331479663861449296666513
3752320000000037199332678990121746799944
8150835200000000137637530912263450463159
7958158090240000000052302261746660111176
0007224100074291200000000203978820811974
4335864028173990289735680000000081591528
3247897734345611269596115894272000000000
3345252661316380710817006205344075166515
2000000000140500611775287989854314260624
4511569936384000000000604152630633738356
3735513206851399750726451200000000026582
7157478844876804362581101461589031963852
8000000000119622220865480194561963161495
6577150643837337600000000005502622159812
0889498503054288002548929616517529600000
0000025862324151116818064296435515361197
9969197632389120000000000124139155925360
7267086228904737337503852148635467776000
0000000608281864034267560872252163321295
376887552831379210240000000000